1115.888696 1390.293791 158.598845 138.807827 1695.995598 372.183313 297.776283 1112.305603 1031.547952 1189.619192 568.256892 337.894700 1968.599210 657.541190 860.857171 300.892382 1609.782811 1826.878896 1606.579460 524.476889 
538.47 2494.03
604.512650 377.162039 1210.910852 1114.746325 862.417729 1660.953337 1121.346733 903.373877 348.442157 63.459014 1047.567617 1869.866936 396.307820 495.503582 656.820200 119.937379 400.727615 1004.529051 1204.843279 887.315050 
358.67 2196.55
1548.909691 251.646430 530.966950 1792.116566 743.956630 336.776752 1838.791825 951.023411 1776.241507 1462.418188 1938.494850 571.729696 1615.937933 1529.753849 1445.085722 732.898981 301.837410 802.924685 1272.081635 398.495820 
582.43 1944.60
339.061563 174.556158 730.884747 808.465277 1168.294612 678.306579 1555.937048 669.016699 1246.693011 810.262334 155.005111 1429.580107 460.332846 640.790743 363.288054 1292.206031 460.800247 1386.274364 1590.858893 760.786988 
363.86 1737.82
1606.029424 532.461298 171.716507 207.841172 344.286613 723.370780 444.030356 566.288820 1320.597244 395.753583 1772.255075 1203.868184 1134.840434 801.228642 1901.970368 1001.217078 1934.827495 1492.018432 1036.074471 1549.623450 
679.52 2046.30
1824.755024 332.861199 1995.395466 1218.451491 1886.000057 1284.369077 1658.156125 273.942740 1437.809006 843.002462 1835.134427 891.119011 1945.395366 1299.672396 636.115162 742.089791 710.419674 371.669065 1978.954827 879.746393 
546.07 2107.15
1292.657241 1775.588427 1751.480554 1643.754917 979.068479 352.874349 1940.071096 958.299376 906.699349 1629.244432 1305.998961 1364.364832 994.607689 1888.555929 400.316514 1269.356247 991.198713 592.078902 1545.774580 751.240289 
431.31 2044.76
239.560318 1269.621164 1453.197401 1539.513610 1781.326376 1662.234353 1350.357339 1172.994555 1002.167843 1531.530313 1638.091593 724.425881 900.409756 504.527771 876.495953 269.916285 815.949569 1062.997543 1320.900424 850.212948 
571.21 1917.76
1377.370021 802.365498 968.361231 1424.064579 1976.221385 91.070564 1152.626047 346.811136 987.626249 607.091619 438.467154 1462.155083 295.990911 1109.938868 413.138201 885.148876 698.525913 1378.736573 728.960772 544.098899 
389.75 2216.30
844.957703 335.903595 1457.299682 606.452699 1961.756438 675.612510 1303.264511 471.897017 638.444418 1909.648640 1454.800610 110.391931 791.172332 277.096356 759.411331 72.183117 788.059175 1952.154092 348.875786 1834.295554 
561.09 2685.69
158.219271 1837.319449 1898.915041 1222.263049 1657.582085 301.074331 836.192415 558.279200 1281.314843 206.792129 1469.816789 1175.867820 1967.018730 148.912095 377.576319 351.659015 1803.100186 813.385032 1596.152547 252.982866 
513.28 2904.64
1520.318099 1206.031772 706.151861 254.077146 782.212142 1366.495664 1816.449276 1477.087900 61.095979 954.299860 1490.869250 1174.526518 481.309878 444.204344 863.549927 432.079181 950.862141 1180.158549 830.655926 1399.483036 
307.98 2151.26
1784.563274 451.740401 1170.101383 296.685644 655.375898 1369.521335 1589.092798 791.776847 602.131740 1014.071561 1325.118822 1456.937963 760.541297 1755.721122 356.215882 1253.325704 633.726147 1628.912540 431.257920 1245.753949 
690.23 1957.30
1941.973833 870.963660 1098.555022 1258.194628 570.780753 1512.786374 1072.283497 515.021668 1932.556983 394.576426 198.439232 735.833079 1348.086291 1796.000917 536.947579 258.155393 1469.967354 1693.634173 1446.428847 421.407947 
462.47 2319.45
773.682724 1311.280930 595.431440 1787.836787 459.883170 95.985768 1516.724202 741.082747 1373.688941 1194.136698 1295.343209 424.867753 276.237293 1105.378435 1518.900791 1517.108515 1286.950620 1515.689176 1929.649819 1540.295304 
454.01 2286.92
1756.994111 112.252370 1704.500428 907.739991 101.087420 1358.493491 856.671010 1095.586010 1239.030623 987.174415 543.250527 786.443257 1110.221705 399.071248 707.448259 1235.988515 1849.883653 1864.380936 929.089353 175.409770 
205.35 2524.67
665.499756 1798.072765 253.138627 1297.143907 1748.350465 1587.754962 1624.128916 1389.611049 1267.599205 602.188471 1161.198307 848.245609 891.086664 1221.899776 1496.386781 758.048693 1167.474508 1272.421283 849.350893 1035.489097 
266.12 1797.12
602.693283 530.288255 123.609187 424.674626 1929.109647 934.082534 1098.957769 652.577535 1500.691909 1676.981573 460.413809 1437.487725 1394.557143 1125.279242 1271.334389 813.519376 247.459698 1024.712175 1628.127357 1627.488279 
602.85 1994.68
141.502657 1149.567170 833.640627 368.667840 202.140776 183.742166 1311.914662 411.188461 1491.503569 553.042437 1842.830544 163.136459 594.129153 1810.468009 502.269868 1523.631135 289.554186 1696.266258 1136.909644 924.512570 
318.66 2388.56
486.918353 444.501199 1340.309133 1757.249530 1672.905340 1968.512870 151.462035 1077.424100 847.231449 355.898407 563.232676 755.977894 1271.790377 1904.370445 340.623820 740.088095 692.343203 1036.747079 29.949924 1264.066209 
466.55 2650.61
