943.674500 1490.060120 1360.312775 1215.161407 1968.789490 1280.701965 1211.380463 0.844086 932.672546 488.003723 450.613281 1121.545349 216.015259 1368.572693 330.922119 1095.471222 669.741821 98.359039 1166.553986 784.102173 1446.497192 1531.050415 1260.642639 1912.150330 1723.260437 586.591370 1701.884552 1476.641357 121.083038 431.827942 
556.08 2182.39
1984.702667 1200.065765 1084.670868 1685.982697 440.072052 1522.816162 716.523499 471.938904 1300.736176 760.957825 1905.044250 1425.728760 239.787903 250.052856 135.831146 12.585999 1782.995453 1491.992096 398.690826 100.872040 571.525208 144.499054 584.173737 1546.892181 1187.289124 133.258728 207.734192 1569.337158 73.917725 760.671631 589.515625 1460.349426 1385.357452 836.232574 242.760742 911.214691 806.093475 456.534698 178.846619 914.678253 517.997345 1477.898315 1620.944855 1057.886322 271.799561 
269.76 2424.72
55.941986 1215.736450 138.056335 683.871674 1695.328491 903.731995 1274.996490 1746.109436 221.033173 1759.361847 966.082245 1787.088409 1657.787079 1248.338135 864.918213 1946.008118 208.206116 969.587067 1886.284973 1398.901215 626.654358 1465.018219 1819.064667 1178.965485 434.232422 1830.419342 323.292053 484.020935 490.890503 857.475708 1658.330048 377.091797 628.666901 1759.914734 342.170624 431.113556 1650.051239 746.775482 1136.860504 18.764923 1926.472656 1470.803131 1367.052094 1599.424988 810.913177 260.968689 1102.679138 828.255219
224.87 2630.19
1712.081360 821.642914 1316.064728 1227.442322 1523.497711 190.740784 1492.116791 1562.592804 139.253937 1833.553680 1104.012543 941.512329 208.015717 1372.675140 178.507874 634.730804 1724.091125 1965.728607
272.46 2024.15
955.958679 1158.906647 312.340790 955.374359 1841.847168 1321.956177 1584.468689 1462.493317 1595.082153 1117.627472 308.221191 656.990753 269.036987 797.100952 672.604492 448.367889 766.230652 826.117615 630.920837 209.040131 1128.659790 1640.967468 1802.663025 1152.387909 1148.255676 366.602783 951.533936 1215.932312 219.466400 1082.876251 1913.591003 565.636047 302.963745 1259.904449 1730.515900 508.329071 1503.475311 1301.555969 470.008911 1345.259460 766.741516 864.064758 462.308533 1784.769135 1037.597595 441.768433 1096.836060 1445.094696 1988.180664 176.971527 853.965027
208.52 2224.19
579.127075 597.596130 6.730713 1594.117004 1036.781311 222.971008 1388.250824 255.004364 1285.642639 747.737152 964.540619 941.553802 74.574005 167.637939 1118.079620 514.182343 799.242737 1665.905670 813.997375 1069.407166 1160.468079 172.390381 921.233551 99.287231 320.194000 1326.313873 733.323212 1645.489380 451.086670 1762.648499 553.806854 24.979950 851.757233 422.121185 1329.265686 260.341187
251.62 2271.09
1600.112518 168.726501 1347.607330 233.483582 330.694550 1301.580017 1697.029510 1418.774139 1578.180206 1017.866333 1943.546875 1837.225159 1882.345917 57.893433 1802.814789 305.680450 201.293427 1771.147247 533.339325 631.890167 11.531799 1390.029877 1570.121887 279.311584 1559.184479 848.722778 1189.428497 586.034912 456.321381 1781.175110
379.13 2314.73
1332.758850 1625.819305 1112.914948 201.415741 1228.764679 361.219421 148.784454 1742.920929 1606.818878 160.791260 1466.328217 573.156799 145.910706 703.352448 1032.132019 876.434570 1773.192200 1614.435181 417.461975 834.438080 510.419464 1284.258759 986.018341 1435.008972 476.019196 1520.327271 959.314575 773.556915 1462.779968 564.652252 1487.681030 437.094788 1819.168793 1460.600372 1132.894073 1074.898651 223.272308 1899.365997 1676.429871
186.73 2099.25
1909.433380 259.412964 1251.216034 13.014984 1033.571533 1634.876892 1297.329834 129.063202 1964.423920 1605.143250 130.533844 155.238831 1656.764221 156.370361 1591.010956 215.008392 58.173828 286.236237 1735.870941 1876.430328 1234.811432 1605.864319 31.482544 1303.143280 503.307526 1040.874237 268.930389 1048.479340 1744.783936 320.557648 435.597107 307.702362 1964.998291 1484.178955 1498.870300 1064.371277 795.613708 253.401184 1932.974640 1467.828369 18.593170 354.836609 
266.88 2553.21
622.819611 1565.779449 1681.846039 569.535095 463.689545 1801.957550 1685.977112 1615.983551 6.784241 642.102051 1917.798157 1221.073334 1073.037628 474.657410 1290.660828 547.133911 1059.892059 57.893890
580.17 2407.67
1005.745636 95.523956 314.783295 1350.005737 1522.380707 312.524323 1333.428589 952.292999 413.612396 822.380188 687.643402 1291.039429 910.475952 311.915894 32.417603 1017.286285 869.537872 383.988190 389.282135 1822.195038 361.696838 1204.693176 1886.172363 1869.816986 1733.109558 403.698425 1678.416412 1545.987640 1078.241302 905.699890 1582.848328 620.346405 959.041962 491.004028 1579.046448 1571.481079 1909.246674 1358.234772 707.696625 16.197235 1042.801605 335.165619 1068.080566 1767.913055 518.414795 1405.676605 765.689087 994.178497 1266.231873 1338.836426 242.960358
213.41 2437.39
870.753815 1582.571136 693.698181 896.207886 1837.925140 520.036041 1356.331665 1328.219208 274.207977 1026.725739 1380.476868 1121.733002 1692.583588 1032.885437 387.067047 1120.687134 562.344360 293.810699 69.739105 1579.603088 897.285278 749.570221 952.337646 326.121155 602.520233 1251.353394 958.043762
309.86 1786.85
262.608673 515.720764 228.416595 1080.429169 432.388641 634.521484 959.104309 892.026978 276.148224 1482.098694 644.922150 1146.572662 24.928009 1089.763428 115.177460 778.402191 1637.884979 850.123749 943.100433 1927.408417 1224.437012 1795.385468 560.551422 387.404083 691.532288 733.778015 911.852722 209.610413 346.043976 879.105072 1310.745728 649.270111 742.289703 1722.420532 206.472870 1128.385834 245.676086 1846.829102 838.984833
334.21 2226.05
1342.640045 1509.051514 923.556061 1280.703705 423.045837 1140.200806 979.891449 1421.289154 1770.181671 288.116272 719.382446 1548.114990 1349.542084 163.100067 1262.412506 1896.609222 934.767731 1209.019440 144.700745 1390.469910 1345.180450 82.123047 60.649384 1442.794220 238.943634 100.482452 171.316620 906.832214 1384.847198 1639.058533 267.014160 369.365906 656.717773 1239.392822 1501.529907 229.712952 
154.46 2210.65
276.331787 1970.268738 1657.816162 490.219025 443.102814 507.131073 401.839478 57.366333 954.069244 38.423462 94.273407 1192.571777 466.321930 1532.658478 1965.989105 363.996002 1321.189117 1564.735565 492.589264 1211.633636 151.755951 1880.616760 1806.490234 1203.051849 682.509125 1751.127563 1804.128906 1380.253387 227.106384 1265.882538 1647.294922 1201.664948 983.270935 806.336365 1768.587555 180.250488 878.811157 839.959381 1416.997803 759.749451 135.764984 43.538452 1768.615479 1068.040131 3.669495
347.37 2515.05
1109.908051 573.356018 1309.586609 1939.909821 518.163788 463.572937 1300.543365 591.452911 404.456512 1486.994324 1459.682556 855.216095 573.435852 663.443176 1672.199951 358.063263 738.790131 1750.340698 1177.925812 1181.817780 266.093964 352.335358 1035.984833 849.204041 1709.281006 331.556610 1036.081512 186.413818 1977.741608 1105.493927 826.410187 1270.297821 1296.045410 720.500702 73.190247 404.181793 1639.289032 108.923065 1186.826202 874.308258 1577.068695 1580.853882 734.692963 1808.902710 595.078003 1577.511688 1135.545868 50.865082 1205.330383 291.244415 119.555969 290.086121 695.007019 1835.158508
117.18 2370.06
744.741180 447.095306 213.362854 976.560333 1117.042511 1501.102997 1394.544983 1352.294678 1094.209442 810.954651 475.308441 1831.631012 888.627747 1508.068237 671.922882 1766.567017 1773.409027 780.643158 770.940369 1600.891479 1954.035095 
628.98 2088.51
1184.593567 1557.206879 178.422546 573.459686 1625.146698 1969.898071 1210.326538 1741.133881 765.575226 1264.643982 735.806915 1699.253815 1895.838226 538.802582 1739.624847 697.521118 436.913879 1674.154327 544.593750 556.358643 1830.522247 1197.406189 959.114685 251.726990 1507.472839 679.320282 545.336304 1291.565918 1732.637299 1694.467987 1730.940155 1653.860687 1158.547058 1500.608826 1025.550751 1654.333466 1244.615997 1729.694305 801.770721 1310.759857 1387.988098 96.496857 1931.841064 1634.910095 300.010132 1901.863739 521.926208 490.115692 414.329254 709.595978 1517.024231 1012.460632 370.615662 647.952148
51.15 2330.28
1592.322021 1830.172333 1477.809967 356.353607 255.963959 1583.168976 443.704865 168.313049 103.949524 95.022980 1753.700317 953.133698 1491.792847 160.057037 1225.958008 204.590942 614.354858 641.965027 220.230499 88.028595 1754.862885 1027.987762 419.443420 1403.597260 301.055054 1100.213898 1703.402344 1556.617554 862.449890 152.005676 50.624908 1639.068420 181.740875
276.06 2443.07
1759.664154 570.847290 354.5770571445.461670 1759.511230 984.8925481559.043976 851.590546 1067.5255431865.353363 963.944458 483.3638001011.521362 1049.784729 812.3127751683.441772 175.605591 1549.6251531784.384094 186.542023 392.650330586.450378 1570.879425 1359.0057981451.390656 1804.852417 636.9160161231.989349 825.147186 1889.9434511911.542297 1771.280426 266.173737811.484650 1356.898163 1495.739655485.630066 337.640167 1703.000122940.367004 1945.179474 1694.3560791815.151367 535.993011 968.211365
223.11 2603.64
1.00 1.00 1.00 1.05 1.00 1.00 3.05 4.87 5.78 3.87 4.12 8.24 7.19 100 9.57
0.05 99.56
