5 10 10 20 10 5 5 1 1 120 3 6 6 50 60 3 24 6 9 0 0 1 9 9 10 10
118.40 1.41
7 617 597 196 749 254 530 935 952 483 391 652 382 497 42 990 248 546 298 67 177 595 553 178 643 829 737 575 478 8 613 478 119 709 99 547 620 602 335 442 690 116 414 324 501 926 479 171 815 787 213 657 134 643 327 788 494 600 993 609 777 948
1546.76 1473.92
3 913 772 803 643 262 925 302 363 188 927 605 330
548.35
4 623 431 350 830 433 560 879 451 351 174 580 31 627 523 177 934
926.11
5 198 834 247 425 328 831 59 113 200 528 502 674 602 779 443 715 774 365 125 571
1100.91
2 615 896 170 371 962 168 468 919 1 475 300 888 348
966.39 415.78
6 134 969 264 285 755 807 387 764 948 722 291 366 137 150 10 401 121 636 489 199 462 169 5 87
1068.42
5 365 182 404 131 584 789 339 438 777 908 334 812 623 137 405 23 77 263 714 642
1149.70
2 691 320 357 181 682 646 574 230 2 693 876 795 234 380 502 803 840
548.59 609.75
2 641 85 723 103 312 172 94 361 1 660 610 425 806 2 371 980 355 769 185 895 989 203
372.47 306.01 1054.39
7 222 350 283 504 660 234 197 49 886 723 601 628 567 889 400 16 950 653 500 744 967 686 746 431 518 320 774 972
1251.81
7 922 166 441 997 772 609 180 943 688 642 762 829 572 136 466 718 142 421 727 917 283 445 78 972 958 649 137 318
1542.45
4 206 646 296 887 321 875 641 821 909 489 207 176 395 970 748 479
946.65
4 453 457 814 189 652 900 682 376 497 245 944 210 200 903 634 187
975.37
4 299 296 845 772 882 375 858 119 773 634 284 726 289 769 635 890
1123.46
3 831 810 675 729 586 497 501 457 765 520 819 842
355.67
3 125 450 760 252 30 438 865 134 818 407 765 531
388.56
5 64 401 979 484 130 712 773 988 728 45 377 576 564 173 843 493 883 303 983 219 2 731 137 147 315 554 910 206 53
1364.31 1061.57
4 121 349 892 689 427 364 619 272 68 422 475 167 744 728 220 303
637.28
7 980 235 337 936 651 79 235 122 319 781 954 68 727 316 55 187 395 672 138 319 379 614 36 358 394 974 976 962 2 200 917 62 79 8 918 314 949
1516.81 959.14